Ground Truth Id        Algorithm Id
====================================
1                      7
2                      7
3                      6
4                      3
5                      4
6                      7
7                      6
9                      7
10                     7
11                     5
12                     7
13                     7
14                     7
15                     7
157                    1
88                     2
524                    6
70                     7
125                    7
135                    7
134                    7
132                    7
126                    7
64                     8
83                     9
19                     6
21                     12
34                     12
59                     13
30                     7
26                     7
60                     7
61                     7
63                     7
42                     6
28                     12
62                     3
